 0.5
 0 0.6
 0 0.7
 0 0.8
 0 0.9
 0 1.0
 0 1.1
 0 1.2
 0 1.3
28 1.3
103 1.4
140 1.4
163 1.4
182 1.4
236 1.4
632 1.5
866 1.5
916 1.5
 906 1.5
916 1.5
932 1.5
919 1.6
897 1.6
889 1.6
864 1.6
 881 1.6
919 1.7
950 1.7
938 1.7
903 1.7
866 1.7
829 1.7
798 1.8
759 1.8
729 1.8
 712 1.8
723 1.8
743 1.9
758 1.9
775 1.9
774 1.9
772 1.9
764 2.0
746 2.0
728 2.0
716 2.0
706 2.0
695 2.0
669 2.0
655 2.1
657 2.1
642 2.1
627 2.1
610 2.1
599 2.1
609 2.2
642 2.2
743 2.2
847 2.2
889 2.2
901 2.2
938 2.3
924 2.3
902 2.3
886 2.3
899 2.3
905 2.4
955 2.4
990 2.4
1005 2.4
1009 2.4
978 2.4
938 2.4
914 2.5
906 2.5
880 2.5
872 2.5
874 2.5
881 2.5
884 2.6
882 2.6
890 2.6
900 2.6
892 2.6
880 2.6
882 2.7
901 2.7
885 2.7
856 2.7
816 2.7
782 2.8
746 2.8
715 2.8
703 2.8
743 2.8
889 2.8
982 2.9
993 2.9
992 2.9
1005 2.9
1014 2.9
1013 2.9
991 2.9
962 3.0
993 3.0
980 3.0
960 3.0
950 3.0
937 3.0
922 3.1
892 3.1
861 3.1
833 3.1
808 3.1
794 3.1
772 3.2
770 3.2
752 3.2
743 3.2
742 3.2
728 3.3
710 3.3
673 3.3
641 3.3
604 3.3
567 3.3
531 3.3
502 3.4
466 3.4
413 3.4
357 3.4
308 3.4
257 3.4
207 3.5
169 3.5
139 3.5
124 3.5
114 3.5
107 3.6
100 3.6
93 3.6
85 3.6
78 3.6
71 3.7
64 3.7
57 3.7
50 3.7
43 3.7
36 3.7
29 3.8
22 3.8
15 3.8
8 3.8
1 3.8
 0 3.8
 0 3.9
 0 4.0
10 4.0
360 4.0
589 4.0
654 4.1
661 4.1
648 4.1
631 4.1
651 4.1
740 4.2
874 4.2
958 4.2
1018 4.2
1062 4.2
1052 4.2
1028 4.2
1031 4.3
1054 4.3
1046 4.3
1032 4.3
1031 4.3
1035 4.3
1025 4.4
1037 4.4
1064 4.4
1095 4.4
1101 4.4
1111 4.4
1145 4.5
1158 4.5
1151 4.5
1118 4.5
1092 4.5
1073 4.6
1048 4.6
1025 4.6
1015 4.6
1004 4.6
1043 4.6
1051 4.6
1046 4.7
 1054 4.7
1034 4.7
1001 4.7
971 4.7
953 4.8
917 4.8
890 4.8
860 4.8
828 4.8
803 4.8
858 4.9
881 4.9
918 4.9
917 4.9
911 4.9
916 4.9
914 5.0
930 5.0
944 5.0
930 5.0
908 5.0
928 5.1
927 5.1
899 5.1
870 5.1
837 5.1
807 5.1
774 5.1
749 5.2
720 5.2
686 5.2
652 5.2
620 5.2
586 5.2
556 5.3
521 5.3
490 5.3
457 5.3
425 5.3
400 5.3
376 5.4
352 5.4
341 5.4
321 5.4
308 5.4
291 5.5
316 5.5
484 5.5
750 5.5
908 5.5
975 5.5
985 5.5
961 5.6
942 5.6
933 5.6
916 5.6
899 5.6
874 5.6
865 5.7
 861 5.7
854 5.7
826 5.7
806 5.7
787 5.8
762 5.8
739 5.8
788 5.8
872 5.8
974 5.9
1006 5.9
1056 5.9
1055 5.9
1047 5.9
1020 5.9
988 6.0
964 6.0
941 6.0
950 6.0
966 6.0
948 6.0
952 6.0
980 6.1
998 6.1
1021 6.1
1033 6.1
1020 6.1
978 6.1
936 6.2
893 6.2
886 6.2
965 6.2
1015 6.2
1066 6.2
1099 6.3
1124 6.3
1134 6.3
1123 6.3
1085 6.3
1042 6.4
997 6.4
953 6.4
909 6.4
871 6.4
882 6.4
863 6.4
826 6.5
783 6.5
738 6.5
696 6.5
657 6.5
616 6.5
578 6.6
541 6.6
508 6.6
477 6.6
445 6.6
417 6.6
387 6.7
371 6.7
353 6.7
350 6.7
331 6.7
313 6.8
311 6.8
313 6.8
314 6.8
347 6.8
402 6.8
459 6.8
489 6.9
518 6.9
539 6.9
559 6.9
541 6.9
533 6.9
508 7.0
484 7.0
455 7.0
437 7.0
488 7.0
748 7.1
815 7.1
884 7.1
903 7.1
890 7.1
848 7.1
821 7.2
812 7.2
801 7.2
813 7.2
814 7.2
803 7.3
813 7.3
810 7.3
846 7.3
952 7.3
991 7.3
1021 7.3
 1018 7.4
1042 7.4
1091 7.4
1105 7.4
1089 7.4
1068 7.5
1059 7.5
1041 7.5
1059 7.5
1064 7.5
1066 7.5
1019 7.6
970 7.6
924 7.6
875 7.6
829 7.6
789 7.7
745 7.7
719 7.7
718 7.7
779 7.7
826 7.7
869 7.7
882 7.8
933 7.8
960 7.8
971 7.8
961 7.8
950 7.8
919 7.9
882 7.9
845 7.9
825 7.9
841 7.9
835 7.9
874 8.0
914 8.0
912 8.0
908 8.0
892 8.0
871 8.1
839 8.1
803 8.1
759 8.1
716 8.1
681 8.1
642 8.2
601 8.2
566 8.2
532 8.2
500 8.2
470 8.2
441 8.2
425 8.3
394 8.3
367 8.3
353 8.3
346 8.3
505 8.3
610 8.4
743 8.4
807 8.4
819 8.4
800 8.4
759 8.4
722 8.5
694 8.5
687 8.5
764 8.5
825 8.5
900 8.6
951 8.6
971 8.6
979 8.6
993 8.6
1005 8.6
1015 8.6
1002 8.7
992 8.7
990 8.7
985 8.7
981 8.7
984 8.7
1007 8.8
1058 8.8
1092 8.8
1095 8.8
1062 8.8
1023 8.8
981 8.9
938 8.9
895 8.9
855 8.9
837 8.9
813 9.0
821 9.0
802 9.0
801 9.0
833 9.0
867 9.0
881 9.0
870 9.1
853 9.1
856 9.1
872 9.1
850 9.1
865 9.1
855 9.2
833 9.2
819 9.2
796 9.2
778 9.2
773 9.2
768 9.3
802 9.3
839 9.3
843 9.3
846 9.3
884 9.3
912 9.4
936 9.4
953 9.4
962 9.4
974 9.4
992 9.5
1002 9.5
997 9.5
979 9.5
942 9.5
903 9.5
863 9.5
823 9.6
792 9.6
813 9.6
878 9.6
917 9.6
911 9.6
927 9.7
961 9.7
970 9.7
1008 9.7
994 9.7
967 9.7
939 9.8
942 9.8
927 9.8
909 9.8
901 9.8
883 9.9
877 9.9
871 9.9
880 9.9
860 9.9
832 9.9
796 10.0
754 10.0
